I
1000 Generated by WorldEditor 2.3.1r1

1   5118 0 0 LFIP Peyresourde Balestas
100 18.00 2 0 0.25 0 0 0 09  42.79689509  000.43386899    0    0 1 0 0 0 27  42.79661455  000.43948189    0    0 1 0 0 0
110 2 0.25 0.0000 Apron
111  42.79658216  000.43899689
111  42.79608941  000.43899061
111  42.79600805  000.43904500
111  42.79601419  000.43927303
111  42.79612778  000.43927094
111  42.79612164  000.43962866
112  42.79619072  000.43961402  42.79620607  000.43960147
112  42.79632120  000.43948641  42.79637800  000.43947804
111  42.79653764  000.43949478
112  42.79651462  000.43975627  42.79648085  000.43982740
112  42.79631813  000.43980648  42.79620914  000.43977719
111  42.79616463  000.43974791
111  42.79614160  000.43982740
111  42.79606178  000.43981485
111  42.79591288  000.44048428
112  42.79596507  000.44053449  42.79598349  000.44059097
111  42.79596507  000.44076879
111  42.79603108  000.44083782
112  42.79646856  000.44030855  42.79648699  000.44024998
112  42.79648238  000.44013910  42.79646396  000.44008053
112  42.79643940  000.43993618  42.79654016  000.43993610
111  42.79643940  000.43993618
112  42.79643940  000.43993618  42.79648435  000.43993614
112  42.79655861  000.43981806  42.79658821  000.43975130
111  42.79655861  000.43981806
112  42.79655861  000.43981806  42.79659537  000.43973517
112  42.79660552  000.43957712  42.79661246  000.43945775
111  42.79660552  000.43957712
112  42.79660552  000.43957712  42.79659690  000.43945711
112  42.79669268  000.43950524  42.79669793  000.43948844
113  42.79669575  000.43945294
110 2 0.25 0.0000 Taxiway 1
111  42.79640474  000.43826715
112  42.79630650  000.43807260  42.79625277  000.43807051
111  42.79597800  000.43842614
112  42.79616988  000.43841568  42.79626966  000.43844497
111  42.79627426  000.43850564
112  42.79629422  000.43842405  42.79631571  000.43838430
111  42.79641549  000.43832991
111  42.79662886  000.43821276
113  42.79663960  000.43813117
110 2 0.25 0.0000 Taxiway 2
112  42.79658019  000.43401045  42.79661839  000.43403466
111  42.79665756  000.43408576
111  42.79681413  000.43429161
111  42.79683255  000.43416107
112  42.79653598  000.43384477  42.79646136  000.43374428
111  42.79645125  000.43370167
113  42.79649545  000.43400041
130 Boundary
111  42.79710845  000.43300412
112  42.79694038  000.43287918  42.79686224  000.43287848
111  42.79675322  000.43293645
112  42.79666581  000.43396055  42.79665681  000.43395004
112  42.79643890  000.43365723  42.79645041  000.43369558
112  42.79650138  000.43403591  42.79652440  000.43421373
112  42.79653021  000.43436017  42.79652893  000.43444559
111  42.79653021  000.43436017
112  42.79653021  000.43436017  42.79654173  000.43464607
112  42.79640554  000.43497109  42.79636972  000.43510707
111  42.79640554  000.43497109
112  42.79640554  000.43497109  42.79632879  000.43523433
112  42.79615923  000.43558860  42.79610806  000.43573852
111  42.79615923  000.43558860
112  42.79615923  000.43558860  42.79612341  000.43568622
112  42.79593457  000.43643151  42.79591538  000.43658667
111  42.79593457  000.43643151
112  42.79593457  000.43643151  42.79587317  000.43689349
112  42.79583368  000.43737113  42.79575053  000.43763088
111  42.79583368  000.43737113
112  42.79583368  000.43737113  42.79579019  000.43746004
111  42.79590944  000.43846818
111  42.79597802  000.43842612
112  42.79616841  000.43841465  42.79627348  000.43844110
111  42.79616841  000.43841465
112  42.79616841  000.43841465  42.79627205  000.43844694
111  42.79627395  000.43850473
112  42.79628228  000.43865203  42.79627693  000.43873426
112  42.79623034  000.43880854  42.79619024  000.43886529
111  42.79566238  000.43926828
112  42.79585208  000.43955142  42.79587818  000.43959744
112  42.79594184  000.43977304  42.79595872  000.43989438
112  42.79590691  000.44050865  42.79589463  000.44068647
112  42.79584041  000.44083897  42.79581125  000.44089963
112  42.79614809  000.44113771  42.79618954  000.44114608
112  42.79679908  000.44039538  42.79685128  000.44032216
112  42.79695023  000.43978429  42.79695790  000.43958555
112  42.79699150  000.43847461  42.79700378  000.43841604
112  42.79703044  000.43835800  42.79704886  000.43823248
112  42.79706864  000.43742101  42.79705175  000.43737080
114  42.79701898  000.43733251  42.79702666  000.43727185
120 Runway hold short 1
111  42.79651462  000.43975614 4
115  42.79656594  000.43980141
120 Runway hold short 2
111  42.79633040  000.43900343 4
115  42.79632487  000.43921932
14  42.79602203  000.43973658  26.25 0 Tower
1300  42.79621236  000.43999961  60.00 tie_down turboprops|props|helos Parking 6
1300  42.79632284  000.44020285 189.46 tie_down turboprops|props|helos Parking 5
1300  42.79618566  000.44040274 230.00 tie_down turboprops|props|helos Parking 4
1300  42.79604349  000.44052065 250.00 tie_down turboprops|props|helos Parking 3
1300  42.79631671  000.43929543 270.92 tie_down turboprops|props|helos Parking 2
1300  42.79615980  000.43912280   0.00 tie_down turboprops|props|helos Parking 1
19  42.79673487  000.43386977 1 West windsock
19  42.79666908  000.43996526 1 East windsock
99
